2001: 2029 2061 2065 2067 2116 2144 2153 2213 2232 2254 2299 2335 2365 2399 2408 2414 2444 2456 2471 2485 2486 
2002: 2016 2035 2106 2161 2172 2236 2252 2260 2324 2335 2351 2356 2386 2424 2435 2465 2483 2486 
2003: 2024 2026 2042 2054 2069 2086 2101 2111 2118 2129 2142 2167 2223 2315 2316 2322 2363 2429 2446 
2004: 2012 2021 2090 2105 2131 2153 2162 2196 2219 2231 2232 2240 2255 2315 2330 2334 2349 2363 2370 2428 2433 2443 2446 2454 2470 2472 2478 2482 2492 
2005: 2015 2051 2074 2102 2104 2124 2251 2294 2323 2338 2393 2398 2413 2431 2447 2455 2480 
2006: 2015 2048 2054 2094 2108 2136 2147 2154 2158 2172 2237 2279 2387 2404 2409 2412 2439 2441 2483 2495 
2007: 2008 2031 2102 2121 2159 2169 2171 2199 2268 2277 2280 2305 2346 2379 2418 2448 2492 
2008: 2007 2015 2054 2085 2123 2125 2126 2138 2187 2230 2285 2300 2310 2317 2338 2366 2433 2464 
2009: 2033 2081 2114 2120 2125 2136 2150 2151 2186 2194 2196 2209 2214 2225 2228 2230 2237 2246 2248 2263 2273 2303 2311 2379 2381 2409 2435 2449 2461 2462 2490 
2010: 2057 2058 2078 2098 2133 2158 2193 2198 2226 2244 2268 2301 2344 2347 2431 2442 2475 
2011: 2078 2101 2155 2172 2258 2263 2314 2356 2397 2423 2440 2461 2481 2488 
2012: 2004 2015 2025 2068 2125 2126 2134 2140 2157 2226 2248 2253 2255 2272 2318 2384 2414 2443 2477 2493 
2013: 2094 2098 2137 2145 2155 2168 2185 2237 2249 2253 2283 2301 2311 2332 2359 2388 2412 2438 2442 2482 
2014: 2020 2090 2127 2228 2262 2285 2413 2453 
2015: 2005 2006 2008 2012 2105 2117 2150 2206 2242 2261 2271 2291 2314 2331 2348 2400 2407 2430 2448 2467 
2016: 2002 2043 2056 2064 2066 2076 2085 2089 2118 2119 2122 2132 2150 2162 2227 2270 2311 2342 2373 2453 2475 
2017: 2051 2061 2097 2109 2116 2185 2227 2264 2281 2292 2372 2444 2466 2477 2482 
2018: 2050 2078 2136 2166 2181 2193 2241 2283 2314 2422 2433 2441 
2019: 2050 2084 2087 2160 2169 2178 2206 2221 2246 2266 2277 2308 2350 2369 2397 2400 2452 2465 2473 
2020: 2014 2057 2071 2097 2126 2226 2252 2260 2262 2328 2353 2357 2369 2378 2380 2470 2482 2486 
2021: 2004 2031 2075 2127 2154 2168 2195 2229 2236 2293 2356 2375 2397 2424 2431 2432 2441 2473 2489 
2022: 2061 2062 2081 2089 2097 2147 2163 2166 2169 2200 2246 2253 2342 2369 2423 2448 2456 2476 
2023: 2042 2072 2089 2150 2156 2159 2234 2242 2243 2265 2269 2274 2284 2333 2345 2346 2351 2383 2392 2397 2412 2475 2489 
2024: 2003 2040 2041 2080 2088 2100 2186 2202 2210 2230 2238 2250 2261 2270 2271 2273 2287 2299 2301 2313 2350 2352 2365 2372 2392 2414 2446 2466 2473 
2025: 2012 2051 2130 2162 2206 2254 2267 2346 2396 2401 2426 2457 2468 2477 2486 2489 
2026: 2003 2033 2035 2081 2107 2112 2130 2171 2196 2207 2214 2222 2247 2285 2346 2400 2412 2471 2487 
2027: 2031 2067 2106 2121 2125 2136 2141 2169 2195 2295 2306 2358 2387 2396 2397 2420 2476 
2028: 2040 2041 2085 2097 2111 2126 2138 2149 2154 2204 2215 2218 2283 2362 2377 2404 2421 2424 2472 2481 
2029: 2001 2044 2060 2092 2102 2110 2116 2132 2157 2162 2168 2171 2185 2238 2251 2255 2265 2276 2286 2324 2367 2426 2447 2454 2456 2464 
2030: 2034 2086 2118 2123 2129 2155 2173 2188 2191 2212 2267 2279 2286 2289 2292 2317 2328 2377 2422 2495 
2031: 2007 2021 2027 2114 2119 2131 2136 2162 2167 2206 2239 2241 2250 2327 2344 2422 2462 2476 2488 
2032: 2053 2057 2067 2175 2205 2226 2240 2241 2253 2261 2330 2339 2359 2374 2424 2434 2463 2467 2490 
2033: 2009 2026 2066 2069 2103 2126 2151 2193 2199 2200 2217 2224 2257 2262 2267 2284 2288 2352 2357 2373 2415 2464 2489 
2034: 2030 2054 2089 2097 2105 2138 2176 2260 2262 2269 2325 2329 2367 2384 2394 
2035: 2002 2026 2125 2138 2144 2210 2230 2232 2260 2263 2274 2361 2380 2392 2416 2431 
2036: 2063 2085 2095 2167 2180 2200 2209 2219 2227 2310 2312 2315 2317 2383 2395 2403 2404 2444 2445 2451 
2037: 2048 2062 2066 2090 2093 2101 2116 2171 2284 2334 2362 2430 2459 2481 2485 
2038: 2039 2043 2052 2059 2061 2065 2124 2125 2130 2141 2153 2181 2196 2212 2237 2243 2315 2321 2360 2394 2411 2416 2426 2460 2471 2495 2499 
2039: 2038 2062 2071 2108 2114 2122 2144 2165 2171 2180 2184 2186 2227 2247 2255 2272 2293 2322 2361 2365 2370 2386 2388 2389 2428 2484 2487 
2040: 2024 2028 2047 2048 2073 2077 2164 2174 2266 2299 2300 2331 2389 2459 2466 2476 
2041: 2024 2028 2046 2098 2160 2238 2269 2270 2296 2306 2314 2324 2329 2366 2383 2402 2406 2412 2425 2443 2447 2448 2487 2489 
2042: 2003 2023 2060 2086 2096 2107 2126 2143 2201 2226 2260 2276 2288 2292 2295 2302 2346 2358 2401 2426 2430 2452 2465 2468 2477 2486 
2043: 2016 2038 2056 2099 2115 2160 2165 2190 2205 2267 2296 2298 2301 2311 2318 2323 2358 2398 2424 2488 2499 
2044: 2029 2054 2104 2130 2218 2219 2243 2245 2259 2275 2347 2349 2374 2425 2436 2494 
2045: 2051 2064 2112 2160 2200 2212 2232 2256 2259 2333 2340 2422 2423 2432 2440 2456 2496 
2046: 2041 2121 2128 2155 2166 2168 2169 2213 2261 2262 2307 2326 2357 2375 2409 2461 2499 
2047: 2040 2128 2140 2146 2165 2179 2185 2188 2241 2276 2279 2297 2351 2436 2440 
2048: 2006 2037 2040 2061 2064 2066 2074 2092 2122 2123 2145 2149 2154 2162 2172 2184 2259 2332 2335 2351 2412 2452 2453 2478 2491 
2049: 2052 2066 2094 2141 2191 2261 2269 2282 2314 2331 2341 2349 2351 2359 2384 2394 2405 2431 2433 2463 2470 2484 
2050: 2018 2019 2057 2107 2119 2163 2168 2171 2178 2182 2211 2245 2275 2281 2301 2335 2342 2349 2373 2389 2435 2438 2470 2497 
2051: 2005 2017 2025 2045 2055 2083 2097 2100 2111 2119 2143 2156 2186 2199 2286 2291 2294 2325 2350 2354 2442 
2052: 2038 2049 2054 2101 2196 2216 2237 2257 2288 2306 2408 2499 
2053: 2032 2066 2075 2083 2130 2141 2166 2179 2216 2218 2252 2256 2263 2270 2272 2274 2296 2309 2313 2336 2340 2351 2375 2411 2496 
2054: 2003 2006 2008 2034 2044 2052 2123 2136 2146 2148 2161 2186 2269 2278 2294 2386 2394 2406 2442 2458 2463 2500 
2055: 2051 2098 2125 2149 2168 2281 2328 2334 2346 2366 2378 2395 2444 2473 2477 
2056: 2016 2043 2073 2134 2169 2172 2186 2188 2228 2271 2273 2288 2316 2333 2414 2426 2430 2465 2477 2483 
2057: 2010 2020 2032 2050 2085 2104 2107 2110 2121 2149 2157 2217 2249 2274 2275 2296 2300 2319 2327 2340 2391 2474 2475 2494 
2058: 2010 2111 2127 2166 2167 2239 2287 2319 2344 2364 2370 2436 2456 2463 2465 2472 2477 
2059: 2038 2076 2080 2082 2107 2124 2159 2165 2172 2183 2201 2276 2322 2401 2422 2440 2468 2494 
2060: 2029 2042 2120 2128 2157 2215 2242 2246 2259 2291 2328 2329 2433 2454 2460 
2061: 2001 2017 2022 2038 2048 2095 2109 2131 2146 2148 2230 2253 2335 2342 2356 2374 2402 2427 
2062: 2022 2037 2039 2064 2079 2091 2121 2128 2144 2152 2168 2181 2182 2207 2220 2235 2246 2252 2302 2304 2357 2374 2382 2386 2403 2405 2406 2421 2453 2466 2492 
2063: 2036 2071 2092 2117 2291 2355 2376 2412 2427 2486 2495 
2064: 2016 2045 2048 2062 2092 2182 2212 2230 2257 2289 2303 2319 2335 2344 2363 2373 2375 
2065: 2001 2038 2125 2166 2167 2203 2222 2251 2315 2316 2334 2401 2498 
2066: 2016 2033 2037 2048 2049 2053 2083 2100 2120 2137 2185 2206 2207 2216 2222 2227 2230 2250 2256 2261 2285 2293 2309 2322 2364 2373 2382 2394 2420 2425 2427 2439 2443 2447 2467 2488 
2067: 2001 2027 2032 2069 2117 2134 2190 2196 2255 2328 2365 2384 2397 2413 2433 2460 2461 2496 2497 
2068: 2012 2078 2139 2150 2182 2188 2209 2249 2263 2279 2298 2301 2308 2349 2416 2427 2449 2494 
2069: 2003 2033 2067 2109 2298 2365 2416 2492 2494 
2070: 2074 2103 2125 2167 2181 2183 2189 2219 2300 2301 2308 2317 2376 2379 2390 2460 
2071: 2020 2039 2063 2132 2137 2235 2252 2255 2264 2267 2272 2334 2341 2368 2425 2445 2469 2481 2488 
2072: 2023 2128 2153 2234 2237 2239 2276 2309 2341 2357 2386 2459 2475 2491 2495 
2073: 2040 2056 2092 2095 2132 2135 2177 2210 2222 2248 2274 2336 2351 2376 2397 2417 2425 2429 2430 2449 2470 2478 
2074: 2005 2048 2070 2105 2159 2194 2196 2203 2206 2213 2217 2219 2278 2289 2305 2328 2336 2354 2392 2480 2481 
2075: 2021 2053 2079 2156 2176 2183 2185 2193 2197 2234 2254 2260 2264 2325 2334 2342 2347 2359 2383 2394 2432 2446 2455 2494 
2076: 2016 2059 2100 2178 2185 2195 2207 2213 2231 2267 2287 2291 2316 2332 2338 2345 2350 2366 2414 
2077: 2040 2099 2113 2195 2222 2228 2233 2235 2264 2293 2316 2341 2355 2404 2408 2425 2460 
2078: 2010 2011 2018 2068 2099 2102 2120 2128 2172 2180 2189 2200 2251 2290 2336 2345 2389 2475 
2079: 2062 2075 2125 2141 2160 2172 2207 2226 2255 2281 2288 2344 2373 2375 2383 2450 2455 2457 2459 2480 
2080: 2024 2059 2092 2098 2141 2180 2203 2210 2217 2316 2400 2420 2495 
2081: 2009 2022 2026 2086 2088 2094 2137 2139 2172 2177 2187 2201 2229 2279 2297 2307 2319 2337 2343 2360 2369 2371 2436 2448 2472 2478 2480 
2082: 2059 2120 2144 2149 2176 2196 2224 2225 2241 2272 2278 2329 2339 2383 2452 2467 2496 
2083: 2051 2053 2066 2095 2119 2133 2140 2175 2203 2231 2248 2271 2291 2332 2390 2424 2455 2456 
2084: 2019 2103 2140 2167 2188 2217 2220 2254 2286 2304 2334 2370 2400 2425 2431 2449 2451 2467 2468 
2085: 2008 2016 2028 2036 2057 2093 2094 2096 2118 2125 2130 2149 2161 2169 2175 2235 2240 2271 2276 2291 2348 2375 2382 2388 2407 2419 2428 2434 2448 2455 
2086: 2003 2030 2042 2081 2122 2149 2153 2166 2182 2211 2215 2223 2249 2251 2258 2265 2282 2306 2342 2381 2391 2404 2416 2424 2432 2466 2480 
2087: 2019 2095 2109 2118 2183 2196 2197 2232 2253 2261 2280 2328 2355 2375 2383 2387 2432 2450 2468 2470 2488 2495 2499 
2088: 2024 2081 2099 2100 2106 2141 2153 2167 2202 2216 2258 2265 2267 2301 2418 
2089: 2016 2022 2023 2034 2128 2130 2142 2192 2211 2219 2222 2224 2246 2257 2274 2312 2343 2348 2355 2427 2436 2467 2468 2498 2500 
2090: 2004 2014 2037 2130 2153 2162 2184 2187 2194 2199 2231 2253 2267 2271 2295 2297 2299 2308 2359 2360 2363 2367 2442 2483 2495 2498 
2091: 2062 2100 2131 2136 2139 2150 2165 2186 2195 2248 2258 2286 2315 2324 2392 2413 2414 2426 2475 2481 2494 
2092: 2029 2048 2063 2064 2073 2080 2121 2149 2205 2206 2212 2215 2238 2293 2304 2309 2316 2327 2331 2368 2401 2407 2450 
2093: 2037 2085 2095 2098 2116 2136 2183 2194 2262 2336 2383 2406 2414 2428 2432 2436 2473 2485 2486 2489 
2094: 2006 2013 2049 2081 2085 2109 2157 2165 2179 2188 2197 2225 2242 2259 2331 2344 2349 2376 2396 2418 2437 2439 2445 2457 2473 2480 2491 
2095: 2036 2061 2073 2083 2087 2093 2097 2131 2140 2141 2154 2171 2208 2224 2234 2325 2329 2372 2381 2428 2429 2451 2488 2494 
2096: 2042 2085 2122 2126 2127 2144 2150 2172 2175 2180 2183 2256 2323 2407 2437 2442 2449 
2097: 2017 2020 2022 2028 2034 2051 2095 2110 2122 2124 2162 2187 2229 2252 2340 2416 
2098: 2010 2013 2041 2055 2080 2093 2134 2181 2190 2219 2226 2254 2335 2337 2339 2377 2381 2429 2492 
2099: 2043 2077 2078 2088 2115 2118 2151 2174 2184 2199 2248 2277 2291 2293 2298 2331 2336 2346 2414 2419 2436 2450 2468 
2100: 2024 2051 2066 2076 2088 2091 2105 2109 2144 2209 2215 2216 2217 2232 2257 2261 2289 2294 2303 2311 2313 2315 2337 2358 2382 2405 2417 2437 2438 2492 
2101: 2003 2011 2037 2052 2114 2124 2136 2138 2143 2190 2250 2260 2272 2275 2293 2365 2400 2403 2439 2459 2470 
2102: 2005 2007 2029 2078 2111 2184 2228 2274 2279 2317 2321 2324 2325 2335 2341 2408 2441 2450 2452 2458 
2103: 2033 2070 2084 2112 2120 2195 2205 2238 2287 2308 2319 2333 2351 2352 2367 2370 2396 2435 2468 2481 2487 2493 
2104: 2005 2044 2057 2126 2138 2167 2172 2191 2260 2280 2301 2316 2346 2356 2359 2402 2447 2486 2491 2499 
2105: 2004 2015 2034 2074 2100 2124 2152 2238 2254 2277 2284 2312 2345 2378 2392 2443 2447 2467 2483 2490 2491 
2106: 2002 2027 2088 2193 2194 2196 2198 2210 2227 2239 2259 2287 2292 2296 2311 2388 2461 2466 2468 2490 2491 
2107: 2026 2042 2050 2057 2059 2122 2144 2167 2181 2188 2198 2207 2259 2266 2272 2286 2289 2306 2346 2368 2369 2373 2392 2414 2427 2439 2440 2443 2449 2490 
2108: 2006 2039 2130 2192 2206 2230 2267 2269 2272 2275 2371 2384 2484 
2109: 2017 2061 2069 2087 2094 2100 2155 2204 2208 2220 2253 2276 2375 2423 2428 2478 2487 
2110: 2029 2057 2097 2116 2120 2152 2160 2165 2173 2307 2328 2345 2425 2446 2467 2485 
2111: 2003 2028 2051 2058 2102 2169 2178 2198 2200 2203 2243 2257 2319 2367 2384 2387 2389 2399 2471 2496 
2112: 2026 2045 2103 2129 2205 2221 2223 2242 2276 2279 2317 2319 2323 2334 2343 2359 2366 2378 2424 2431 2444 2448 2491 
2113: 2077 2114 2118 2162 2196 2198 2205 2232 2306 2337 2357 2451 2454 2475 2482 
2114: 2009 2031 2039 2101 2113 2117 2149 2176 2188 2388 2423 2434 2441 2447 2470 2480 2483 
2115: 2043 2099 2132 2202 2213 2310 2351 2361 2369 2426 2429 2481 2482 
2116: 2001 2017 2029 2037 2093 2110 2125 2138 2164 2180 2232 2293 2322 2334 2349 2367 2371 2411 2412 2452 2461 2500 
2117: 2015 2063 2067 2114 2124 2144 2181 2203 2219 2250 2289 2306 2310 2322 2357 2358 2377 2458 2462 
2118: 2003 2016 2030 2085 2087 2099 2113 2121 2127 2174 2180 2183 2194 2212 2216 2232 2254 2258 2265 2294 2311 2318 2391 2469 
2119: 2016 2031 2050 2051 2083 2126 2130 2148 2206 2221 2243 2244 2298 2326 2373 2391 2401 2420 2458 2459 
2120: 2009 2060 2066 2078 2082 2103 2110 2151 2153 2178 2185 2220 2271 2292 2338 2340 2381 2383 2414 2447 2486 
2121: 2007 2027 2046 2057 2062 2092 2118 2143 2160 2162 2198 2250 2309 2311 2321 2335 2394 2431 2498 
2122: 2016 2039 2048 2086 2096 2097 2107 2167 2193 2194 2206 2249 2278 2320 2337 2343 2371 2423 2425 
2123: 2008 2030 2048 2054 2141 2159 2201 2209 2239 2248 2249 2283 2295 2419 2450 2460 2473 2496 
2124: 2005 2038 2059 2097 2101 2105 2117 2130 2137 2160 2170 2196 2278 2333 2338 2344 2354 2416 2442 2444 2465 2473 
2125: 2008 2009 2012 2027 2035 2038 2055 2065 2070 2079 2085 2116 2149 2196 2205 2230 2235 2293 2349 2442 2448 2452 2466 2498 
2126: 2008 2012 2020 2028 2033 2042 2096 2104 2119 2128 2140 2191 2203 2220 2222 2225 2246 2274 2278 2353 2360 2390 2407 2456 2490 
2127: 2014 2021 2058 2096 2118 2154 2158 2164 2185 2294 2309 2313 2324 2358 2365 2411 2435 
2128: 2046 2047 2060 2062 2072 2078 2089 2126 2134 2214 2281 2306 2332 2368 2426 2448 2459 2465 2468 2485 2499 
2129: 2003 2030 2112 2140 2163 2197 2219 2246 2256 2278 2330 2385 2390 2396 2466 2471 2473 
2130: 2025 2026 2038 2044 2053 2085 2089 2090 2108 2119 2124 2162 2177 2188 2215 2241 2294 2318 2336 2352 2354 2359 2417 2424 2429 2469 2475 2485 
2131: 2004 2031 2061 2091 2095 2137 2169 2173 2210 2222 2250 2275 2294 2347 2407 2418 2426 2488 
2132: 2016 2029 2071 2073 2115 2139 2141 2245 2250 2325 2343 2349 2376 2388 2420 
2133: 2010 2083 2142 2167 2190 2229 2264 2290 2309 2341 2344 2359 2411 2446 2462 2471 2473 2478 
2134: 2012 2056 2067 2098 2128 2138 2176 2192 2242 2262 2267 2275 2329 2335 2341 2365 2368 2384 2386 2453 2463 2475 
2135: 2073 2157 2163 2170 2203 2234 2252 2275 2285 2304 2318 2320 2364 2385 2402 2417 2438 2464 2473 2486 
2136: 2006 2009 2018 2027 2031 2054 2091 2093 2101 2169 2183 2184 2198 2219 2232 2263 2264 2307 2319 2342 2358 2412 2416 2423 
2137: 2013 2066 2071 2081 2124 2131 2162 2178 2181 2189 2198 2211 2354 2394 2462 2488 2500 
2138: 2008 2028 2034 2035 2101 2104 2116 2134 2150 2170 2177 2187 2324 2332 2347 2352 2368 2377 2391 2392 2398 2410 2433 2444 2484 
2139: 2068 2081 2091 2132 2164 2201 2220 2222 2233 2236 2238 2272 2281 2282 2307 2392 2412 2467 2474 2479 
2140: 2012 2047 2083 2084 2095 2126 2129 2142 2159 2161 2196 2197 2263 2392 2399 2413 2424 2428 2456 
2141: 2027 2038 2049 2053 2079 2080 2088 2095 2123 2132 2177 2195 2204 2236 2250 2304 2317 2322 2352 2361 2368 2379 2388 2435 2467 2473 
2142: 2003 2089 2133 2140 2147 2158 2171 2212 2233 2237 2263 2292 2297 2305 2311 2339 2344 2365 2369 2397 2411 2413 2414 2487 
2143: 2042 2051 2101 2121 2147 2197 2202 2224 2270 2276 2299 2340 2370 2386 2449 2463 2493 2496 
2144: 2001 2035 2039 2062 2082 2096 2100 2107 2117 2153 2169 2177 2196 2201 2378 2388 2389 2408 2410 2417 2460 2466 2485 
2145: 2013 2048 2159 2162 2221 2241 2291 2313 2327 2353 2376 2416 2435 2447 2456 2480 2482 
2146: 2047 2054 2061 2166 2176 2206 2243 2253 2263 2273 2283 2322 2330 2426 2473 2479 2485 2491 2492 2498 
2147: 2006 2022 2142 2143 2184 2191 2194 2209 2214 2230 2291 2325 2329 2334 2389 2390 2393 2399 2483 2487 2491 2498 
2148: 2054 2061 2119 2170 2172 2182 2223 2300 2326 2363 2372 2380 2427 2433 2440 2457 2459 2483 2485 
2149: 2028 2048 2055 2057 2082 2085 2086 2092 2114 2125 2159 2190 2243 2265 2305 2313 2374 2375 2392 2413 2433 2445 2484 
2150: 2009 2015 2016 2023 2068 2091 2096 2138 2151 2169 2225 2228 2231 2244 2246 2251 2258 2299 2340 2351 2376 2417 2431 2432 2451 2486 
2151: 2009 2033 2099 2120 2150 2189 2191 2226 2281 2282 2290 2291 2351 2367 2433 
2152: 2062 2105 2110 2154 2241 2259 2261 2266 2267 2313 2323 2362 2364 2381 2385 2396 2424 2487 2493 2500 
2153: 2001 2004 2038 2072 2086 2088 2090 2120 2144 2155 2176 2195 2214 2254 2257 2272 2303 2349 2365 2374 2461 2497 
2154: 2006 2021 2028 2048 2095 2127 2152 2185 2233 2235 2251 2260 2283 2296 2300 2338 2381 2402 2403 2440 2449 2464 
2155: 2011 2013 2030 2046 2109 2153 2170 2172 2230 2232 2251 2334 2340 2414 2421 2445 2465 2467 2473 2477 
2156: 2023 2051 2075 2163 2192 2228 2252 2263 2308 2316 2324 2351 2372 2415 2445 2465 
2157: 2012 2029 2057 2060 2094 2135 2209 2211 2262 2319 2344 2346 2414 2439 2482 
2158: 2006 2010 2127 2142 2191 2209 2231 2259 2290 2291 2312 2340 2431 2439 
2159: 2007 2023 2059 2074 2123 2140 2145 2149 2194 2203 2228 2230 2261 2294 2296 2300 2303 2308 2328 2353 2385 2401 2455 2457 2465 
2160: 2019 2041 2043 2045 2079 2110 2121 2124 2162 2225 2230 2326 2364 2373 2447 2450 2452 2462 2499 
2161: 2002 2054 2085 2140 2201 2274 2295 2406 2474 2478 
2162: 2004 2016 2025 2029 2031 2048 2090 2097 2113 2121 2130 2137 2145 2160 2182 2198 2319 2444 2459 2492 
2163: 2022 2050 2129 2135 2156 2186 2190 2191 2225 2249 2258 2272 2282 2291 2314 2330 2377 2384 2406 2409 2436 2441 2456 2483 2497 
2164: 2040 2116 2127 2139 2184 2222 2223 2272 2280 2340 2376 2380 2417 2427 2445 2468 
2165: 2039 2043 2047 2059 2091 2094 2110 2172 2174 2194 2215 2276 2358 2464 2471 
2166: 2018 2022 2046 2053 2058 2065 2086 2146 2207 2231 2254 2282 2301 2334 2370 2381 2403 2432 2448 2484 
2167: 2003 2031 2036 2058 2065 2070 2084 2088 2104 2107 2122 2133 2172 2201 2220 2238 2240 2265 2345 2361 2367 2374 2456 2481 2487 2492 
2168: 2013 2021 2029 2046 2050 2055 2062 2271 2273 2293 2300 2312 2337 2397 2404 2421 2422 2454 2467 2483 
2169: 2007 2019 2022 2027 2046 2056 2085 2111 2131 2136 2144 2150 2178 2195 2200 2264 2286 2287 2326 2356 2357 2360 2367 2390 2400 2407 2414 2425 2430 2463 2469 2475 2482 2485 
2170: 2124 2135 2138 2148 2155 2225 2237 2245 2255 2272 2328 2332 2345 2376 2396 2437 2453 
2171: 2007 2026 2029 2037 2039 2050 2095 2142 2187 2246 2251 2271 2316 2347 2350 2363 2417 2429 2441 2446 2451 2456 2473 2476 2477 2479 2489 2495 
2172: 2002 2006 2011 2048 2056 2059 2078 2079 2081 2096 2104 2148 2155 2165 2167 2188 2192 2255 2293 2306 2317 2352 2374 2458 
2173: 2030 2110 2131 2228 2244 2277 2315 2327 2333 2334 2337 2416 2440 2469 
2174: 2040 2099 2118 2165 2200 2297 2315 2333 2344 2387 2430 2455 2462 2467 
2175: 2032 2083 2085 2096 2200 2221 2258 2314 2320 2338 2402 2420 2438 2478 2490 
2176: 2034 2075 2082 2114 2134 2146 2153 2197 2206 2237 2242 2246 2247 2270 2293 2321 2337 2363 2389 2439 2445 2472 2500 
2177: 2073 2081 2130 2138 2141 2144 2179 2206 2302 2313 2372 2379 2396 2403 2404 2455 2480 
2178: 2019 2050 2076 2111 2120 2137 2169 2205 2220 2227 2285 2306 2313 2321 2365 2373 2378 2398 2404 2407 2411 2464 2470 
2179: 2047 2053 2094 2177 2189 2197 2221 2239 2246 2251 2288 2337 2358 2422 2425 2427 2445 2455 2461 
2180: 2036 2039 2078 2080 2096 2116 2118 2196 2237 2249 2254 2269 2271 2299 2353 2365 2442 2459 2491 
2181: 2018 2038 2062 2070 2098 2107 2117 2137 2197 2248 2270 2430 2477 
2182: 2050 2062 2064 2068 2086 2148 2162 2190 2265 2288 2370 2380 2465 2471 2491 
2183: 2059 2070 2075 2087 2093 2096 2118 2136 2272 2286 2302 2345 2357 2376 2377 2392 2412 2417 2484 2489 
2184: 2039 2048 2090 2099 2102 2136 2147 2164 2216 2299 2314 2319 2340 2346 2348 2358 2395 2418 2442 2461 2467 2489 2491 
2185: 2013 2017 2029 2047 2066 2075 2076 2120 2127 2154 2203 2215 2224 2256 2259 2275 2280 2303 2306 2332 2349 2359 2362 2396 2407 2438 2458 2469 2492 
2186: 2009 2024 2039 2051 2054 2056 2091 2163 2194 2212 2216 2271 2314 
2187: 2008 2081 2090 2097 2138 2171 2221 2225 2227 2228 2251 2295 2296 2305 2314 2341 2342 2366 2457 
2188: 2030 2047 2056 2068 2084 2094 2107 2114 2130 2172 2232 2246 2247 2347 2361 2394 2443 
2189: 2070 2078 2137 2151 2179 2217 2225 2228 2264 2283 2321 2353 2362 2385 2399 2415 2422 2434 2467 2498 
2190: 2043 2067 2098 2101 2133 2149 2163 2182 2206 2207 2208 2222 2224 2261 2288 2322 2373 2402 2423 2457 
2191: 2030 2049 2104 2126 2147 2151 2158 2163 2212 2235 2252 2276 2315 2317 2336 2343 2369 2447 
2192: 2089 2108 2134 2156 2172 2391 2444 2459 2466 2474 2477 2497 
2193: 2010 2018 2033 2075 2106 2122 2198 2218 2241 2257 2277 2354 2367 2368 2369 2375 2376 2387 2419 2455 2486 2500 
2194: 2009 2074 2090 2093 2106 2118 2122 2147 2159 2165 2186 2196 2235 2269 2310 2333 2344 2352 2367 2383 2392 2410 2434 2436 2446 2473 2493 2497 
2195: 2021 2027 2076 2077 2091 2103 2141 2153 2169 2200 2308 2317 2343 2432 2465 2489 
2196: 2004 2009 2026 2038 2052 2067 2074 2082 2087 2106 2113 2124 2125 2140 2144 2180 2194 2220 2224 2295 2331 2337 2351 2404 2419 2434 2475 2480 2486 2494 
2197: 2075 2087 2094 2129 2140 2143 2176 2179 2181 2218 2223 2225 2229 2284 2294 2303 2325 2366 2377 2390 2487 2488 
2198: 2010 2106 2107 2111 2113 2121 2136 2137 2162 2193 2222 2342 2396 2397 2420 2432 2478 2490 2491 
2199: 2007 2033 2051 2090 2099 2211 2221 2268 2279 2289 2336 2438 2443 2469 
2200: 2022 2033 2036 2045 2078 2111 2169 2174 2175 2195 2228 2242 2286 2293 2349 2352 2395 2411 2425 2426 2440 2462 2471 2480 2487 
2201: 2042 2059 2081 2123 2139 2144 2161 2167 2205 2216 2218 2226 2235 2279 2286 2303 2343 2344 2347 2350 2392 2449 2453 2462 2478 
2202: 2024 2088 2115 2143 2206 2227 2274 2280 2295 2310 2328 2329 2342 2416 2426 2500 
2203: 2065 2074 2080 2083 2111 2117 2126 2135 2159 2185 2208 2214 2246 2258 2263 2271 2294 2295 2297 2298 2299 2345 2359 2426 2490 
2204: 2028 2109 2141 2210 2213 2227 2231 2273 2285 2302 2312 2355 2450 2462 2463 2468 2469 2496 
2205: 2032 2043 2092 2103 2112 2113 2125 2178 2201 2223 2243 2251 2254 2267 2291 2367 2426 2431 2447 2487 
2206: 2015 2019 2025 2031 2066 2074 2092 2108 2119 2122 2146 2176 2177 2190 2202 2214 2215 2251 2283 2284 2320 2340 2341 2375 2401 2405 2429 2466 2480 
2207: 2026 2062 2066 2076 2079 2107 2166 2190 2240 2260 2327 2364 2397 2402 2412 2430 2447 2449 
2208: 2095 2109 2190 2203 2213 2314 2323 2356 2401 2423 2468 2480 2482 2496 2497 2498 
2209: 2009 2036 2068 2100 2123 2147 2157 2158 2249 2288 2312 2334 2361 2445 2468 2469 2475 2479 
2210: 2024 2035 2073 2080 2106 2131 2204 2213 2228 2246 2259 2300 2321 2372 2387 2396 2451 2457 2488 2491 2493 2498 
2211: 2050 2086 2089 2137 2157 2199 2259 2297 2300 2338 2344 2390 2397 2421 2449 2465 2469 
2212: 2030 2038 2045 2064 2092 2118 2142 2186 2191 2222 2236 2255 2261 2353 2391 2435 
2213: 2001 2046 2074 2076 2115 2204 2208 2210 2224 2269 2289 2335 2397 2415 2448 2479 2485 2492 
2214: 2009 2026 2128 2147 2153 2203 2206 2265 2269 2294 2316 2318 2333 2361 2398 2401 2405 2412 2436 2442 2493 2496 2497 
2215: 2028 2060 2086 2092 2100 2130 2165 2185 2206 2218 2265 2283 2372 2416 2445 2447 2478 2482 
2216: 2052 2053 2066 2088 2100 2118 2184 2186 2201 2221 2254 2294 2342 2430 2489 
2217: 2033 2057 2074 2080 2084 2100 2189 2230 2263 2329 2346 2360 2393 2409 2422 2433 2451 2457 2470 2471 2480 
2218: 2028 2044 2053 2193 2197 2201 2215 2222 2262 2288 2325 2327 2347 2357 2391 2393 2404 2408 2413 2429 2456 2484 2494 
2219: 2004 2036 2044 2070 2074 2089 2098 2117 2129 2136 2245 2254 2278 2303 2314 2322 2326 2352 2370 2396 2420 2440 2492 
2220: 2062 2084 2109 2120 2126 2139 2167 2178 2196 2236 2291 2301 2337 2348 2374 2384 2470 2485 
2221: 2019 2112 2119 2145 2175 2179 2187 2199 2216 2263 2274 2292 2336 2359 2381 2397 2407 2449 
2222: 2026 2065 2066 2073 2077 2089 2126 2131 2139 2164 2190 2198 2212 2218 2238 2259 2285 2334 2349 2371 2388 2399 2453 2471 2476 2484 
2223: 2003 2086 2112 2148 2164 2197 2205 2225 2229 2234 2255 2264 2267 2272 2284 2287 2317 2339 2343 2407 2430 2434 2439 2484 
2224: 2033 2082 2089 2095 2143 2185 2190 2196 2213 2242 2286 2297 2302 2339 2348 2353 2358 2364 2373 2407 2409 2413 2465 2483 2499 
2225: 2009 2082 2094 2126 2150 2160 2163 2170 2187 2189 2197 2223 2229 2249 2252 2257 2297 2325 2391 2409 2436 2442 2445 2476 2482 2487 2498 
2226: 2010 2012 2020 2032 2042 2079 2098 2151 2201 2239 2240 2257 2308 2312 2327 2382 2456 2497 
2227: 2016 2017 2036 2039 2066 2106 2178 2187 2202 2204 2261 2270 2275 2285 2319 2402 2411 2439 2448 2473 2488 2495 
2228: 2009 2014 2056 2077 2102 2150 2156 2159 2173 2187 2189 2200 2210 2247 2251 2254 2272 2286 2291 2298 2299 2329 2369 2389 2433 2444 2479 2484 
2229: 2021 2081 2097 2133 2197 2223 2225 2259 2262 2268 2290 2313 2326 2394 2396 2446 2486 2488 
2230: 2008 2009 2024 2035 2061 2064 2066 2108 2125 2147 2155 2159 2160 2217 2299 2312 2326 2336 2354 2391 2405 2454 2483 
2231: 2004 2076 2083 2090 2150 2158 2166 2204 2257 2317 2342 2359 2397 2402 2430 2449 2455 
2232: 2001 2004 2035 2045 2087 2100 2113 2116 2118 2136 2155 2188 2252 2286 2293 2341 2350 2421 2430 2457 2471 2488 
2233: 2077 2139 2142 2154 2266 2281 2301 2319 2339 2352 2384 2393 2401 2457 2466 
2234: 2023 2072 2075 2095 2135 2223 2251 2331 2414 2422 2436 2453 2455 2496 
2235: 2062 2071 2077 2085 2125 2154 2191 2194 2201 2247 2259 2282 2303 2313 2342 2410 2439 2453 2456 2462 
2236: 2002 2021 2139 2141 2212 2220 2267 2288 2291 2329 2334 2384 2390 2408 2420 2443 2455 2472 
2237: 2006 2009 2013 2038 2052 2072 2142 2170 2176 2180 2256 2266 2334 2391 2420 2478 
2238: 2024 2029 2041 2092 2103 2105 2139 2167 2222 2239 2246 2262 2263 2265 2270 2293 2311 2332 2337 2342 2391 2402 2475 2486 
2239: 2031 2058 2072 2106 2123 2179 2226 2238 2256 2265 2268 2279 2302 2340 2347 2371 2379 2384 2394 2412 2424 2459 2481 2489 2492 
2240: 2004 2032 2085 2167 2207 2226 2269 2288 2301 2354 2382 2427 2491 
2241: 2018 2031 2032 2047 2082 2130 2145 2152 2193 2256 2363 2402 2411 2412 2470 2486 2490 
2242: 2015 2023 2060 2094 2112 2134 2176 2200 2224 2243 2246 2264 2268 2291 2304 2352 2383 2386 2410 2416 2433 2448 2451 2453 
2243: 2023 2038 2044 2111 2119 2146 2149 2205 2242 2249 2253 2282 2333 2362 
2244: 2010 2119 2150 2173 2339 2345 2350 2366 2428 2440 
2245: 2044 2050 2132 2170 2219 2289 2295 2301 2341 2345 2360 2419 2483 
2246: 2009 2019 2022 2060 2062 2089 2126 2129 2150 2171 2176 2179 2188 2203 2210 2238 2242 2263 2296 2339 2364 2387 2421 2468 2475 2478 
2247: 2026 2039 2176 2188 2228 2235 2282 2391 2421 2431 2471 
2248: 2009 2012 2073 2083 2091 2099 2123 2181 2267 2353 2385 2391 
2249: 2013 2057 2068 2086 2122 2123 2163 2180 2209 2225 2243 2270 2335 2363 2401 2423 2436 2479 2490 
2250: 2024 2031 2066 2101 2117 2121 2131 2132 2141 2251 2254 2277 2318 2394 2402 2404 2427 2464 2466 
2251: 2005 2029 2065 2078 2086 2150 2154 2155 2171 2179 2187 2205 2206 2228 2234 2250 2258 2284 2289 2313 2338 2374 2383 2397 2490 
2252: 2002 2020 2053 2062 2071 2097 2135 2156 2191 2225 2232 2308 2319 2361 2398 2449 2460 2469 
2253: 2012 2013 2022 2032 2061 2087 2090 2109 2146 2243 2261 2310 2322 2339 2347 2350 2352 2393 2397 2404 2405 2426 2444 2464 2484 
2254: 2001 2025 2075 2084 2098 2105 2118 2153 2166 2180 2205 2216 2219 2228 2250 2278 2290 2312 2328 2369 2381 2384 2400 2402 2408 2425 2493 
2255: 2004 2012 2029 2039 2067 2071 2079 2170 2172 2212 2223 2268 2283 2290 2319 2344 2362 2371 2423 2454 
2256: 2045 2053 2066 2096 2129 2185 2237 2239 2241 2260 2362 2377 2382 2403 2424 2426 2467 
2257: 2033 2052 2064 2089 2100 2111 2153 2193 2225 2226 2231 2261 2266 2304 2313 2314 2329 2330 2341 2366 2377 2388 2422 2423 
2258: 2011 2086 2088 2091 2118 2150 2163 2175 2203 2251 2259 2267 2286 2371 2374 2414 2459 2499 2500 
2259: 2044 2045 2048 2060 2094 2106 2107 2152 2158 2185 2210 2211 2222 2229 2235 2258 2274 2323 2360 2367 2370 2403 2434 2490 
2260: 2002 2020 2034 2035 2042 2075 2101 2104 2154 2207 2256 2277 2302 2330 2336 2345 2351 2352 2379 2387 2388 2393 2428 2435 2445 2458 2459 2472 
2261: 2015 2024 2032 2046 2049 2066 2087 2100 2152 2159 2190 2212 2227 2253 2257 2265 2304 2317 2334 2343 2368 2377 2383 2384 2399 2428 2434 2448 2483 2485 
2262: 2014 2020 2033 2034 2046 2093 2134 2157 2218 2229 2238 2330 2383 2438 2488 
2263: 2009 2011 2035 2053 2068 2136 2140 2142 2146 2156 2203 2217 2221 2238 2246 2270 2382 2383 2403 2410 2445 2456 2468 2474 2498 
2264: 2017 2071 2075 2077 2133 2136 2169 2189 2223 2242 2272 2287 2316 2322 2462 2489 
2265: 2023 2029 2086 2088 2118 2149 2167 2182 2214 2215 2238 2239 2261 2313 2322 2362 2384 2392 2430 2431 2472 2496 2498 
2266: 2019 2040 2107 2152 2233 2237 2257 2277 2341 2368 2382 2413 2426 
2267: 2025 2030 2033 2043 2071 2076 2088 2090 2108 2134 2152 2205 2223 2236 2248 2258 2321 2459 2484 2490 
2268: 2007 2010 2199 2229 2239 2242 2255 2325 2332 2342 2356 2361 2371 2408 2426 2466 2479 
2269: 2023 2034 2041 2049 2054 2108 2180 2194 2213 2214 2240 2297 2301 2307 2344 2348 2375 2427 2459 2460 2461 2494 
2270: 2016 2024 2041 2053 2143 2176 2181 2227 2238 2249 2263 2332 2363 2387 2389 2428 2455 2471 2480 
2271: 2015 2024 2056 2083 2085 2090 2120 2168 2171 2180 2186 2203 2274 2314 2330 2352 2389 2421 2444 2453 2463 2468 
2272: 2012 2039 2053 2071 2082 2101 2107 2108 2139 2153 2163 2164 2170 2183 2223 2228 2264 2284 2288 2314 2338 2347 2364 2399 2444 2446 2456 
2273: 2009 2024 2056 2146 2168 2204 2290 2292 2293 2355 2386 2491 
2274: 2023 2035 2053 2057 2073 2089 2102 2126 2161 2202 2221 2259 2271 2293 2325 2395 2428 2475 
2275: 2044 2050 2057 2101 2108 2131 2134 2135 2185 2227 2280 2317 2328 2336 2377 2385 2434 2474 2485 
2276: 2029 2042 2047 2059 2072 2085 2109 2112 2143 2165 2191 2285 2291 2337 2363 2409 2417 2491 
2277: 2007 2019 2099 2105 2173 2193 2250 2260 2266 2323 2327 2361 2425 2462 
2278: 2054 2074 2082 2122 2124 2126 2129 2219 2254 2287 2309 2327 2339 2345 2363 2373 2472 
2279: 2006 2030 2047 2068 2081 2102 2112 2199 2201 2239 2300 2308 2322 2338 2349 2360 2407 2459 2472 
2280: 2007 2087 2104 2164 2185 2202 2275 2284 2344 2382 2383 2436 2489 2497 
2281: 2017 2050 2055 2079 2128 2139 2151 2233 2319 2343 2456 2480 2488 
2282: 2049 2086 2139 2151 2163 2166 2235 2243 2247 2297 2299 2302 2304 2328 2331 2338 2349 2371 2378 2414 2446 2465 2491 
2283: 2013 2018 2028 2123 2146 2154 2189 2206 2215 2255 2316 2343 2369 2387 2455 2489 2490 2491 2494 
2284: 2023 2033 2037 2105 2197 2206 2223 2251 2272 2280 2287 2302 2337 2388 2415 2466 2470 
2285: 2008 2014 2026 2066 2135 2178 2204 2222 2227 2276 2349 2376 2404 2453 2454 2494 
2286: 2029 2030 2051 2084 2091 2107 2169 2183 2200 2201 2224 2228 2232 2258 2305 2323 2335 2382 2401 2427 2429 2478 
2287: 2024 2058 2076 2103 2106 2169 2223 2264 2278 2284 2310 2367 2379 2394 2427 2432 2473 2485 
2288: 2033 2042 2052 2056 2079 2179 2182 2190 2209 2218 2236 2240 2272 2308 2341 2348 2351 2364 2406 2458 2466 2500 
2289: 2030 2064 2074 2100 2107 2117 2199 2213 2245 2251 2352 2385 2395 2401 2446 
2290: 2078 2133 2151 2158 2229 2254 2255 2273 2356 2362 2402 2406 2442 2445 2492 
2291: 2015 2051 2060 2063 2076 2083 2085 2099 2145 2147 2151 2158 2163 2205 2220 2228 2236 2242 2276 2294 2309 2312 2322 2352 2369 2378 2399 2406 2418 2424 2425 2442 2447 2475 2485 2487 2494 
2292: 2017 2030 2042 2106 2120 2142 2221 2273 2295 2337 2375 2393 2401 2423 2442 2479 2494 
2293: 2021 2039 2066 2077 2092 2099 2101 2116 2125 2168 2172 2176 2200 2232 2238 2273 2274 2383 2399 2440 2454 2463 2478 2492 2498 2500 
2294: 2005 2051 2054 2100 2118 2127 2130 2131 2159 2197 2203 2214 2216 2291 2312 2314 2322 2324 2356 2372 2393 2418 2433 
2295: 2027 2042 2090 2123 2161 2187 2196 2202 2203 2245 2292 2306 2468 
2296: 2041 2043 2053 2057 2106 2154 2159 2187 2246 2318 2332 2337 2353 2373 2389 2405 2429 2462 2498 
2297: 2047 2081 2090 2142 2174 2203 2211 2224 2225 2269 2282 2313 2335 2339 2350 2356 2381 2402 2408 2414 2417 2440 
2298: 2043 2068 2069 2099 2119 2203 2228 2341 2412 2417 2421 2434 2488 
2299: 2001 2024 2040 2090 2143 2150 2180 2184 2203 2228 2230 2282 2304 2344 2392 2393 2468 2472 2491 
2300: 2008 2040 2057 2070 2148 2154 2159 2168 2210 2211 2279 2363 2368 2391 2420 2423 2433 2441 2449 2480 
2301: 2010 2013 2024 2043 2050 2068 2070 2088 2104 2166 2220 2233 2240 2245 2269 2338 2377 2382 2397 2408 2412 
2302: 2042 2062 2177 2183 2204 2224 2239 2260 2282 2284 2351 2364 2379 2380 2386 2417 2420 2451 2492 2494 
2303: 2009 2064 2100 2153 2159 2185 2197 2201 2219 2235 2319 2449 2455 2480 
2304: 2062 2084 2092 2135 2141 2242 2257 2261 2282 2299 2317 2325 2423 2426 2438 2440 
2305: 2007 2074 2142 2149 2187 2286 2332 2356 2369 2395 2413 2455 2486 2491 
2306: 2027 2041 2052 2086 2107 2113 2117 2128 2172 2178 2185 2295 2319 2360 2447 2477 2498 
2307: 2046 2081 2110 2136 2139 2269 2336 2350 2437 2439 2446 2478 2479 
2308: 2019 2068 2070 2090 2103 2156 2159 2195 2226 2252 2279 2288 2310 2339 2344 2408 2422 2470 2498 
2309: 2053 2066 2072 2092 2121 2127 2133 2278 2291 2389 2413 2432 2454 
2310: 2008 2036 2115 2117 2194 2202 2253 2287 2308 2331 2387 2390 2397 2416 2421 2424 2431 2453 
2311: 2009 2013 2016 2043 2100 2106 2118 2121 2142 2238 2324 2367 2468 
2312: 2036 2089 2105 2158 2168 2204 2209 2226 2230 2254 2291 2294 2431 2476 2496 
2313: 2024 2053 2100 2127 2145 2149 2152 2177 2178 2229 2235 2251 2257 2265 2297 2321 2363 2402 2406 2435 2444 
2314: 2011 2015 2018 2041 2049 2163 2175 2184 2186 2187 2208 2219 2257 2271 2272 2294 2326 2339 2342 2348 2356 2363 2383 2399 2408 2428 2436 2444 2455 
2315: 2003 2004 2036 2038 2065 2091 2100 2173 2174 2191 2321 2325 2351 2354 2361 2377 2421 2452 2479 2495 
2316: 2003 2056 2065 2076 2077 2080 2092 2104 2156 2171 2214 2264 2283 2345 2351 2381 2389 2397 2410 2438 2476 2483 2485 
2317: 2008 2030 2036 2070 2102 2112 2141 2172 2191 2195 2223 2231 2261 2275 2304 2327 2385 2391 2394 2430 
2318: 2012 2043 2118 2130 2135 2214 2250 2296 2341 2346 2409 2415 2493 
2319: 2057 2058 2064 2081 2103 2111 2112 2136 2157 2162 2184 2227 2233 2252 2255 2281 2303 2306 2320 2348 2359 2365 2371 2433 2464 
2320: 2122 2135 2175 2206 2319 2358 2382 2385 2408 2451 2459 2476 2485 2489 
2321: 2038 2102 2121 2176 2178 2189 2210 2267 2313 2315 2336 2415 2433 2468 2490 2500 
2322: 2003 2039 2059 2066 2116 2117 2141 2146 2190 2219 2253 2264 2265 2279 2291 2294 2334 2341 2473 2489 
2323: 2005 2043 2096 2112 2152 2208 2259 2277 2286 2329 2334 2398 2403 2424 2432 2486 
2324: 2002 2029 2041 2091 2102 2127 2138 2156 2294 2311 2326 2394 2396 2397 2398 2449 2471 2486 
2325: 2034 2051 2075 2095 2102 2132 2147 2197 2218 2225 2268 2274 2304 2315 2358 2360 2407 2430 2487 2500 
2326: 2046 2119 2148 2160 2169 2219 2229 2230 2314 2324 2437 2460 2461 
2327: 2031 2057 2092 2145 2173 2207 2218 2226 2277 2278 2317 2347 2377 2390 2393 2402 2443 2456 2494 
2328: 2020 2030 2055 2060 2067 2074 2087 2110 2159 2170 2202 2254 2275 2282 2350 2361 2374 2394 2417 2431 2437 2445 2480 2489 2493 2498 2500 
2329: 2034 2041 2060 2082 2095 2134 2147 2202 2217 2228 2236 2257 2323 2352 2356 2415 2427 2436 2437 2438 2483 
2330: 2004 2032 2129 2146 2163 2257 2260 2262 2271 2337 2352 2449 2477 2483 
2331: 2015 2040 2049 2092 2094 2099 2196 2234 2282 2310 2345 2414 2424 2462 2473 2475 
2332: 2013 2048 2076 2083 2128 2138 2170 2185 2238 2268 2270 2296 2305 2349 2370 2377 2464 2471 2483 
2333: 2023 2045 2056 2103 2124 2173 2174 2194 2214 2243 2367 2373 2433 2446 2491 
2334: 2004 2037 2055 2065 2071 2075 2084 2112 2116 2147 2155 2166 2173 2209 2222 2236 2237 2261 2322 2323 2341 2351 2361 2366 2368 2391 2394 2416 2438 2473 2497 
2335: 2001 2002 2048 2050 2061 2064 2098 2102 2121 2134 2213 2249 2286 2297 2369 2375 2392 2398 2444 2500 
2336: 2053 2073 2074 2078 2093 2099 2130 2191 2199 2221 2230 2260 2275 2307 2321 2357 2381 
2337: 2081 2098 2100 2113 2122 2168 2173 2176 2179 2196 2220 2238 2276 2284 2292 2296 2330 2371 2398 2482 
2338: 2005 2008 2076 2120 2124 2154 2175 2211 2251 2272 2279 2282 2301 2342 2378 2386 2389 2393 2403 2482 
2339: 2032 2082 2098 2142 2223 2224 2233 2244 2246 2253 2278 2297 2308 2314 2343 2345 2366 2373 2419 2437 2464 2499 
2340: 2045 2053 2057 2097 2120 2143 2150 2155 2158 2164 2184 2206 2239 2359 2389 2397 2470 
2341: 2049 2071 2072 2077 2102 2133 2134 2187 2206 2232 2245 2257 2266 2288 2298 2318 2322 2334 2409 2422 2434 2488 2498 
2342: 2016 2022 2050 2061 2075 2086 2136 2187 2198 2202 2216 2231 2235 2238 2268 2314 2338 2410 2435 
2343: 2081 2089 2112 2122 2132 2191 2195 2201 2223 2261 2281 2283 2339 2421 2441 2465 2468 
2344: 2010 2031 2058 2064 2079 2094 2124 2133 2142 2157 2174 2194 2201 2211 2255 2269 2280 2299 2308 2377 2390 2396 2434 2447 2450 2463 
2345: 2023 2076 2078 2105 2110 2167 2170 2183 2203 2244 2245 2260 2278 2316 2331 2339 2364 2417 2418 2422 2428 2470 
2346: 2007 2023 2025 2026 2042 2055 2099 2104 2107 2157 2184 2217 2318 2365 2375 2384 2420 2421 2451 2470 2479 2487 
2347: 2010 2044 2075 2131 2138 2171 2188 2201 2218 2239 2253 2272 2327 2359 2406 2444 2459 2476 
2348: 2015 2085 2089 2184 2220 2224 2269 2288 2314 2319 2359 2385 2420 2424 2436 2442 2465 
2349: 2004 2044 2049 2050 2068 2094 2116 2125 2132 2153 2185 2200 2222 2279 2282 2285 2332 2367 2473 2494 
2350: 2019 2024 2051 2076 2171 2201 2232 2244 2253 2297 2307 2328 2374 2413 2420 2424 
2351: 2002 2023 2047 2048 2049 2053 2073 2103 2115 2150 2151 2156 2196 2260 2288 2302 2315 2316 2334 2371 2393 2399 2400 2435 2444 2457 
2352: 2024 2033 2103 2130 2138 2141 2172 2194 2200 2219 2233 2242 2253 2260 2271 2289 2291 2329 2330 2383 2399 2424 2441 2448 2485 
2353: 2020 2126 2145 2159 2180 2189 2212 2224 2248 2296 2363 2370 2449 
2354: 2051 2074 2124 2130 2137 2193 2230 2240 2315 2394 2443 2459 2466 
2355: 2063 2077 2087 2089 2204 2273 2389 2443 2449 2455 2466 2478 2491 
2356: 2002 2011 2021 2061 2104 2169 2208 2268 2290 2294 2297 2305 2314 2329 2364 2420 2436 2461 2483 
2357: 2020 2033 2046 2062 2072 2113 2117 2169 2183 2218 2336 2418 2445 2446 2471 
2358: 2027 2042 2043 2100 2117 2127 2136 2165 2179 2184 2224 2320 2325 2366 2445 2450 2460 2500 
2359: 2013 2032 2049 2075 2090 2104 2112 2130 2133 2185 2203 2221 2231 2319 2340 2347 2348 2380 2390 2435 2453 2459 2479 2497 
2360: 2038 2081 2090 2126 2169 2217 2245 2259 2279 2306 2325 2385 2411 2424 2498 2499 
2361: 2035 2039 2115 2141 2167 2188 2209 2214 2252 2268 2277 2315 2328 2334 2419 2439 2448 2472 2498 
2362: 2028 2037 2152 2185 2189 2243 2255 2256 2265 2290 2370 2373 2411 2432 2435 2443 
2363: 2003 2004 2064 2090 2148 2171 2176 2241 2249 2270 2276 2278 2300 2313 2314 2353 2387 2397 2407 
2364: 2058 2066 2135 2152 2160 2207 2224 2246 2272 2288 2302 2345 2356 2462 2468 2488 
2365: 2001 2024 2039 2067 2069 2101 2127 2134 2142 2153 2178 2180 2319 2346 2375 2382 2386 2408 2425 2472 2480 2484 2499 
2366: 2008 2041 2055 2076 2112 2187 2197 2244 2257 2334 2339 2358 2368 2375 2406 2480 2487 
2367: 2029 2034 2090 2103 2111 2116 2151 2167 2169 2193 2194 2205 2259 2287 2311 2333 2349 2386 2419 2437 2438 2450 
2368: 2071 2092 2107 2128 2134 2138 2141 2193 2261 2266 2300 2334 2366 2384 2397 2400 2426 2437 2499 
2369: 2019 2020 2022 2081 2107 2115 2142 2191 2193 2228 2254 2283 2291 2305 2335 2392 2398 2412 2422 2440 
2370: 2004 2039 2058 2084 2103 2143 2166 2182 2219 2259 2332 2353 2362 2399 2403 2407 2413 2438 2441 2458 2469 2473 2499 
2371: 2081 2108 2116 2122 2222 2239 2255 2258 2268 2282 2319 2337 2351 2407 2424 2442 2491 2492 
2372: 2017 2024 2095 2148 2156 2177 2210 2215 2294 2418 2427 2445 2467 2487 2491 
2373: 2016 2033 2050 2064 2066 2079 2107 2119 2160 2178 2190 2224 2278 2296 2333 2339 2362 2376 2411 2421 2442 
2374: 2032 2044 2061 2062 2149 2153 2167 2172 2220 2251 2258 2328 2350 2377 2390 2403 2436 2440 
2375: 2021 2046 2053 2064 2079 2085 2087 2109 2149 2193 2206 2269 2292 2335 2346 2365 2366 
2376: 2063 2070 2073 2094 2132 2145 2150 2164 2170 2183 2193 2285 2373 2408 2426 2434 2491 
2377: 2028 2030 2098 2117 2138 2163 2183 2197 2256 2257 2261 2275 2301 2315 2327 2332 2344 2374 2391 2467 
2378: 2020 2055 2105 2112 2144 2178 2282 2291 2338 2383 2394 2407 2413 2416 2417 2444 
2379: 2007 2009 2070 2141 2177 2239 2260 2287 2302 2392 2410 2420 
2380: 2020 2035 2148 2164 2182 2302 2359 2388 2456 2477 
2381: 2009 2086 2095 2098 2120 2152 2154 2166 2221 2254 2297 2316 2336 2414 2426 2432 2442 2462 
2382: 2062 2066 2085 2100 2226 2240 2256 2263 2266 2280 2286 2301 2320 2365 2406 2439 2445 2449 2468 2477 2499 
2383: 2023 2036 2041 2075 2079 2082 2087 2093 2120 2194 2242 2251 2261 2262 2263 2280 2293 2314 2352 2378 2406 2421 2494 
2384: 2012 2034 2049 2067 2108 2111 2134 2163 2220 2233 2236 2239 2254 2261 2265 2346 2368 2406 2435 2441 2479 
2385: 2129 2135 2152 2159 2189 2248 2275 2289 2317 2320 2348 2360 2421 2494 
2386: 2002 2039 2054 2062 2072 2134 2143 2242 2273 2302 2338 2365 2367 2403 2407 2429 2430 2450 2463 2468 2484 
2387: 2006 2027 2087 2111 2174 2193 2210 2246 2260 2270 2283 2310 2363 2406 2444 2473 2497 
2388: 2013 2039 2085 2106 2114 2132 2141 2144 2222 2257 2260 2284 2380 2418 2445 2458 2466 
2389: 2039 2040 2050 2078 2111 2144 2147 2176 2228 2270 2271 2296 2309 2316 2338 2340 2355 2416 2418 2426 2453 2455 2464 2470 2498 2500 
2390: 2070 2083 2126 2129 2147 2169 2197 2211 2236 2310 2327 2344 2359 2374 2393 2403 2433 
2391: 2057 2086 2118 2119 2138 2192 2212 2218 2225 2230 2237 2238 2247 2248 2300 2317 2334 2377 2441 2492 
2392: 2023 2024 2035 2074 2091 2105 2107 2138 2139 2140 2149 2183 2194 2201 2265 2299 2335 2369 2379 2459 2492 
2393: 2005 2147 2217 2218 2233 2253 2260 2292 2294 2299 2327 2338 2351 2390 2449 2452 2454 
2394: 2034 2038 2049 2054 2066 2075 2121 2137 2188 2229 2239 2250 2287 2317 2324 2328 2334 2354 2378 2417 2444 2456 2485 
2395: 2036 2055 2184 2200 2274 2289 2305 2398 2491 
2396: 2025 2027 2094 2103 2129 2152 2170 2177 2185 2198 2210 2219 2229 2324 2344 2399 2423 
2397: 2011 2019 2021 2023 2027 2067 2073 2142 2168 2198 2207 2211 2213 2221 2231 2251 2253 2301 2310 2316 2324 2340 2363 2368 2418 2426 2428 2439 2449 2473 2476 
2398: 2005 2043 2138 2178 2214 2252 2323 2324 2335 2337 2369 2395 2418 2419 2445 2480 
2399: 2001 2111 2140 2147 2189 2222 2261 2272 2291 2293 2314 2351 2352 2370 2396 2475 
2400: 2015 2019 2026 2080 2084 2101 2169 2254 2351 2368 2459 2479 2500 
2401: 2025 2042 2059 2065 2092 2119 2159 2206 2208 2214 2233 2249 2286 2289 2292 2414 2494 
2402: 2041 2061 2104 2135 2154 2175 2190 2207 2227 2231 2238 2241 2250 2254 2290 2297 2313 2327 2424 2443 2456 2483 
2403: 2036 2062 2101 2154 2166 2177 2256 2259 2263 2323 2338 2370 2374 2386 2390 2424 2463 
2404: 2006 2028 2036 2077 2086 2168 2177 2178 2196 2218 2250 2253 2285 2449 2457 2474 
2405: 2049 2062 2100 2206 2214 2230 2253 2296 
2406: 2041 2054 2062 2093 2161 2163 2288 2290 2291 2313 2347 2366 2382 2383 2384 2387 2422 2441 2454 2457 2465 2482 
2407: 2015 2085 2092 2096 2126 2131 2169 2178 2185 2221 2223 2224 2279 2325 2363 2370 2371 2378 2386 2419 2427 2450 2468 2484 2496 
2408: 2001 2052 2077 2102 2144 2218 2236 2254 2268 2297 2301 2308 2314 2320 2365 2376 2438 2473 
2409: 2006 2009 2046 2163 2217 2224 2225 2276 2318 2341 2416 2431 2461 2487 
2410: 2138 2144 2194 2235 2242 2263 2316 2342 2379 2446 2447 2464 2470 2474 
2411: 2038 2053 2116 2127 2133 2142 2178 2200 2227 2241 2360 2362 2373 2426 2464 2491 
2412: 2006 2013 2023 2026 2041 2048 2063 2116 2136 2139 2183 2207 2214 2239 2241 2298 2301 2369 2455 2458 2461 2480 2494 
2413: 2005 2014 2067 2091 2140 2142 2149 2218 2224 2266 2305 2309 2350 2370 2378 2416 2422 2423 2429 2470 2491 
2414: 2001 2012 2024 2056 2076 2091 2093 2099 2107 2120 2142 2155 2157 2169 2234 2258 2282 2297 2331 2381 2401 2429 2455 2464 2475 
2415: 2033 2156 2189 2213 2284 2318 2321 2329 2448 2469 2478 
2416: 2035 2038 2068 2069 2086 2097 2124 2136 2145 2173 2202 2215 2242 2310 2334 2378 2389 2409 2413 2435 2489 2500 
2417: 2073 2100 2130 2135 2144 2150 2164 2171 2183 2276 2297 2298 2302 2328 2345 2378 2394 2453 
2418: 2007 2088 2094 2131 2184 2291 2294 2345 2357 2372 2388 2389 2397 2398 2465 
2419: 2085 2099 2123 2193 2196 2245 2339 2361 2367 2398 2407 2439 2483 2490 
2420: 2027 2066 2080 2119 2132 2175 2198 2219 2236 2237 2300 2302 2346 2348 2350 2356 2379 2487 2496 
2421: 2028 2062 2155 2168 2211 2232 2246 2247 2271 2298 2310 2315 2343 2346 2373 2383 2385 2464 
2422: 2018 2030 2031 2045 2059 2168 2179 2189 2217 2234 2257 2308 2341 2345 2369 2406 2413 2446 2462 2481 
2423: 2011 2022 2045 2109 2114 2122 2136 2190 2208 2249 2255 2257 2292 2300 2304 2396 2413 2428 2447 2452 
2424: 2002 2021 2028 2032 2043 2083 2086 2112 2130 2140 2152 2239 2256 2291 2310 2323 2331 2348 2350 2352 2360 2371 2402 2403 2446 2500 
2425: 2041 2044 2066 2071 2073 2077 2084 2110 2122 2169 2179 2200 2254 2277 2291 2365 2462 2470 
2426: 2025 2029 2038 2042 2056 2091 2115 2128 2131 2146 2200 2202 2203 2205 2253 2256 2266 2268 2304 2368 2376 2381 2389 2397 2411 2450 2459 2491 
2427: 2061 2063 2066 2068 2089 2107 2148 2164 2179 2240 2250 2269 2286 2287 2329 2372 2407 2488 
2428: 2004 2039 2085 2093 2095 2109 2140 2244 2260 2261 2270 2274 2314 2345 2397 2423 2467 
2429: 2003 2073 2095 2098 2115 2130 2171 2206 2218 2286 2296 2386 2413 2414 2461 2472 2493 
2430: 2015 2037 2042 2056 2073 2169 2174 2181 2207 2216 2223 2231 2232 2265 2317 2325 2386 2434 2441 2489 
2431: 2005 2010 2021 2035 2049 2084 2112 2121 2150 2158 2205 2247 2265 2310 2312 2328 2409 2436 2452 2455 2467 2476 
2432: 2021 2045 2075 2086 2087 2093 2150 2166 2195 2198 2287 2309 2323 2362 2381 
2433: 2004 2008 2018 2049 2060 2067 2138 2148 2149 2151 2217 2228 2242 2294 2300 2319 2321 2333 2390 2454 2456 
2434: 2032 2085 2114 2189 2194 2196 2223 2259 2261 2275 2298 2341 2344 2376 2430 
2435: 2002 2009 2050 2103 2127 2141 2145 2212 2260 2313 2342 2351 2359 2362 2384 2416 2492 
2436: 2044 2047 2058 2081 2089 2093 2099 2163 2194 2214 2225 2234 2249 2280 2314 2329 2348 2356 2374 2431 2442 2449 2452 2477 2490 2493 
2437: 2094 2096 2100 2170 2307 2326 2328 2329 2339 2367 2368 2445 2470 2474 
2438: 2013 2050 2100 2135 2175 2185 2199 2262 2304 2316 2329 2334 2367 2370 2408 
2439: 2006 2066 2094 2101 2107 2157 2158 2176 2223 2227 2235 2307 2361 2382 2397 2419 2459 2484 2491 
2440: 2011 2045 2047 2059 2107 2148 2154 2173 2200 2219 2244 2293 2297 2304 2369 2374 2442 2445 2459 2479 
2441: 2006 2018 2021 2102 2114 2163 2171 2300 2343 2352 2370 2384 2391 2406 2430 2457 
2442: 2010 2013 2051 2054 2090 2096 2124 2125 2180 2184 2214 2225 2290 2291 2292 2348 2371 2373 2381 2436 2440 2489 
2443: 2004 2012 2041 2066 2105 2107 2188 2199 2236 2327 2354 2355 2362 2402 2445 2473 2485 2496 
2444: 2001 2017 2036 2055 2112 2124 2138 2162 2192 2228 2253 2271 2272 2313 2314 2335 2347 2351 2378 2387 2394 2467 2485 2488 2497 
2445: 2036 2071 2094 2149 2155 2156 2164 2176 2179 2209 2215 2225 2260 2263 2290 2328 2357 2358 2372 2382 2388 2398 2437 2440 2443 2456 2477 2500 
2446: 2003 2004 2024 2075 2110 2133 2171 2194 2229 2272 2282 2289 2307 2333 2357 2410 2422 2424 2448 2477 2488 2494 
2447: 2005 2029 2041 2066 2104 2105 2114 2120 2145 2160 2191 2205 2207 2215 2291 2306 2344 2410 2423 2459 2482 2496 
2448: 2007 2015 2022 2041 2081 2085 2112 2125 2128 2166 2213 2227 2242 2261 2352 2361 2415 2446 2480 2482 2486 
2449: 2009 2068 2073 2084 2096 2107 2143 2154 2201 2207 2211 2221 2231 2252 2300 2303 2324 2330 2353 2355 2382 2393 2397 2404 2436 2490 
2450: 2079 2087 2092 2099 2102 2123 2160 2204 2344 2358 2367 2386 2407 2426 2472 2492 
2451: 2036 2084 2095 2113 2150 2171 2210 2217 2242 2302 2320 2346 2458 2483 
2452: 2019 2042 2048 2082 2102 2116 2125 2160 2315 2393 2423 2431 2436 2467 2470 
2453: 2014 2016 2048 2062 2134 2170 2201 2222 2234 2235 2242 2271 2285 2310 2359 2389 2417 2480 2497 
2454: 2004 2029 2060 2113 2168 2230 2255 2285 2293 2309 2393 2406 2433 2486 
2455: 2005 2075 2079 2083 2085 2159 2174 2177 2179 2193 2231 2234 2236 2270 2283 2303 2305 2314 2355 2389 2412 2414 2431 2472 2493 
2456: 2001 2022 2029 2045 2058 2083 2126 2140 2145 2163 2167 2171 2218 2226 2235 2263 2272 2281 2327 2380 2394 2402 2433 2445 2479 
2457: 2025 2079 2094 2148 2159 2187 2190 2210 2217 2232 2233 2351 2404 2406 2441 2481 
2458: 2054 2102 2117 2119 2172 2185 2260 2288 2370 2388 2412 2451 2465 
2459: 2037 2040 2072 2079 2101 2119 2128 2148 2162 2180 2192 2239 2258 2260 2267 2269 2279 2320 2347 2354 2359 2392 2400 2426 2439 2440 2447 2468 2490 
2460: 2038 2060 2067 2070 2077 2123 2144 2252 2269 2326 2358 2485 2493 2494 
2461: 2009 2011 2046 2067 2106 2116 2153 2179 2184 2269 2326 2356 2409 2412 2429 2463 2469 2475 2498 
2462: 2009 2031 2117 2133 2137 2160 2174 2200 2201 2204 2235 2264 2277 2296 2331 2364 2381 2422 2425 2492 
2463: 2032 2049 2054 2058 2134 2143 2169 2204 2271 2293 2344 2386 2403 2461 2465 2466 2474 
2464: 2008 2029 2033 2135 2154 2165 2178 2250 2253 2319 2332 2339 2389 2410 2411 2414 2421 2477 
2465: 2002 2019 2042 2056 2058 2124 2128 2155 2156 2159 2182 2195 2211 2224 2282 2343 2348 2406 2418 2458 2463 2487 
2466: 2017 2024 2040 2062 2086 2106 2125 2129 2144 2192 2206 2233 2250 2268 2284 2288 2354 2355 2388 2463 
2467: 2015 2032 2066 2082 2084 2089 2105 2110 2139 2141 2155 2168 2174 2184 2189 2256 2372 2377 2428 2431 2444 2452 2469 2475 2480 
2468: 2025 2042 2059 2084 2087 2089 2099 2103 2106 2128 2164 2204 2208 2209 2246 2263 2271 2295 2299 2311 2321 2343 2364 2382 2386 2407 2459 
2469: 2071 2118 2130 2169 2173 2185 2199 2204 2209 2211 2252 2370 2415 2461 2467 2495 2499 
2470: 2004 2020 2049 2050 2073 2087 2101 2114 2178 2217 2220 2241 2284 2308 2340 2345 2346 2389 2410 2413 2425 2437 2452 2479 2489 
2471: 2001 2026 2038 2111 2129 2133 2165 2182 2200 2217 2222 2232 2247 2270 2324 2332 2357 2499 
2472: 2004 2028 2058 2081 2176 2236 2260 2265 2278 2279 2299 2361 2365 2429 2450 2455 2478 2482 
2473: 2019 2021 2024 2055 2093 2094 2123 2124 2129 2133 2135 2141 2146 2155 2171 2194 2227 2287 2322 2331 2334 2349 2370 2387 2397 2408 2443 
2474: 2057 2139 2161 2192 2263 2275 2404 2410 2437 2463 2477 2478 
2475: 2010 2016 2023 2057 2072 2078 2091 2113 2130 2134 2169 2196 2209 2238 2246 2274 2291 2331 2399 2414 2461 2467 
2476: 2022 2027 2031 2040 2171 2222 2225 2312 2316 2320 2347 2397 2431 2481 2490 2496 
2477: 2012 2017 2025 2042 2055 2056 2058 2155 2171 2181 2192 2306 2330 2380 2382 2436 2445 2446 2464 2474 
2478: 2004 2048 2073 2081 2109 2133 2161 2175 2198 2201 2215 2237 2246 2286 2293 2307 2355 2415 2472 2474 
2479: 2139 2146 2171 2209 2213 2228 2249 2268 2292 2307 2315 2346 2359 2384 2400 2440 2456 2470 2480 2500 
2480: 2005 2074 2079 2081 2086 2094 2114 2145 2177 2196 2200 2206 2208 2217 2270 2281 2300 2303 2328 2365 2366 2398 2412 2448 2453 2467 2479 2499 
2481: 2011 2028 2037 2071 2074 2091 2103 2115 2167 2239 2422 2457 2476 
2482: 2004 2013 2017 2020 2113 2115 2145 2157 2169 2208 2215 2225 2337 2338 2406 2447 2448 2472 
2483: 2002 2006 2056 2090 2105 2114 2147 2148 2163 2168 2224 2230 2245 2261 2316 2329 2330 2332 2356 2402 2419 2451 
2484: 2039 2049 2108 2138 2149 2166 2183 2218 2222 2223 2228 2253 2267 2365 2386 2407 2439 2488 
2485: 2001 2037 2093 2110 2128 2130 2144 2146 2148 2169 2213 2220 2261 2275 2287 2291 2316 2320 2352 2394 2443 2444 2460 
2486: 2001 2002 2020 2025 2042 2063 2093 2104 2120 2135 2150 2193 2196 2229 2238 2241 2305 2323 2324 2448 2454 2500 
2487: 2026 2039 2041 2103 2109 2142 2147 2152 2167 2197 2200 2205 2225 2291 2325 2346 2366 2372 2409 2420 2465 
2488: 2011 2031 2043 2066 2071 2087 2095 2131 2137 2197 2210 2227 2229 2232 2262 2281 2298 2341 2364 2427 2444 2446 2484 
2489: 2021 2023 2025 2033 2041 2093 2171 2183 2184 2195 2216 2239 2264 2280 2283 2320 2322 2328 2416 2430 2442 2470 
2490: 2009 2032 2105 2106 2107 2126 2175 2198 2203 2241 2249 2251 2259 2267 2283 2321 2419 2436 2449 2459 2476 
2491: 2048 2072 2094 2104 2105 2106 2112 2146 2147 2180 2182 2184 2198 2210 2240 2273 2276 2282 2283 2299 2305 2333 2355 2371 2372 2376 2395 2411 2413 2426 2439 
2492: 2004 2007 2062 2069 2098 2100 2146 2162 2167 2185 2213 2219 2239 2290 2293 2302 2371 2391 2392 2435 2450 2462 
2493: 2012 2103 2143 2152 2194 2210 2214 2254 2318 2328 2429 2436 2455 2460 
2494: 2044 2057 2059 2068 2069 2075 2091 2095 2196 2218 2269 2283 2285 2291 2292 2302 2327 2349 2383 2385 2401 2412 2446 2460 
2495: 2006 2030 2038 2063 2072 2080 2087 2090 2171 2227 2315 2469 
2496: 2045 2053 2067 2082 2111 2123 2143 2204 2208 2214 2234 2265 2312 2407 2420 2443 2447 2476 
2497: 2050 2067 2153 2163 2192 2194 2208 2214 2226 2280 2334 2359 2387 2444 2453 
2498: 2065 2089 2090 2121 2125 2146 2147 2189 2208 2210 2225 2263 2265 2293 2296 2306 2308 2328 2341 2360 2361 2389 2461 
2499: 2038 2043 2046 2052 2087 2104 2128 2160 2224 2258 2339 2360 2365 2368 2370 2382 2469 2471 2480 
2500: 2054 2089 2116 2137 2152 2176 2193 2202 2258 2288 2293 2321 2325 2328 2335 2358 2389 2400 2416 2424 2445 2479 2486 
